18 0818818818 (1883881888. 17

Mathematicus: Hierzue 181 818 jeder 08188188 38811, 188 888 818 38-
11881811188 1113881811, 181 31881181 188181188188118 8118 081881881881
18818388 1118188 088113188881811181188, 8881888 118 1181181811188888, uir
181188 188 8118818181188, 1881118 888 dise 811818 181888118188

1881881881881 Julius 088881 1811188 38881881, 18888188 1818888
11888 11818881888118, 881811118181 11818188111188883 zu 18188, 1818881 188
1811888 181 Wunderschafft zu Waeeer 1811 1881 Ι88188181188 88181. Wie
1881818881 18811381838 118 Ρ8888 1181181888 188811 3811811181; 1811 188
3888188 11888811 181, 18888188 zu St. 1811818183 818888181, zu Micholis 188
11818 8118881 818. ’ ’ “

Mathematicus: De 11118881 8881 81188 3888881181118818, 8188

correction fflrzunemen. 1188 811811 18181188181188188188 08188188 188 ,

aequinoctium 8811188 2111881ἰί 3888181, 181 18 dicen 1600 1811888 188188
1181831188 8811 188 10118811138888111181, 8818881 1881 dis 188 Β888881888
8181118, 188 1118188818111188188188118181811 181 38181881 18888 188 8118
18818818188181888818811888. ' '

18828111881811881881188 eben 118 18383881, 181 88811 38881118188,
1188 818 cuii 188 3888888 Η8818818188 genehen, 18818818881, 1881881881111-
1188818, 88 eey 881811188 181 Sommer 181 Solstitium, 88 1881 81388188118
811181 1881881 181888 188 Solstitium 1181 811181 1838 181188 38181188, 188 188
1881818888 herfflrhhomnren. Des hott 8188 8181888188 818138 118883 38-
1881181818 1188 0818818118 188 1183811888 118388 188188 88888811

11118818 881188 die Β888818818 cumen (1118 (188 3888118188), 188 8188
1888 311118388 811181183 881188811181188 1888118 eu 8188 181 3118811811,
1888811181. 1818188 118 8881 811 (118 8881118 1188881, 1881811 188 0818818888
88813188. Sego mir, 1888118 8888188 188 08188188 3818818811 werde.

08818888111181 Die 081888 18188188818811138888111 88181188. Den
18 08881118 1118888 181 8181181113 18881188888 1188188, 1888 181188138 18818881,
81118188 1818 8838188811818888 881 8118188188, 88118 1881181883 818 018181·
1181881818 macheu: 188 118888181183 hernach· 38388 1881818881, Luna
18188888818 38888881, 881118 die Cerwoehe'n fallen, 188 1888881818 888183 Α
1111118818 118888188188 rag 8188 Luna 1881818 quartu 181 188 8881118 08188-
888113.

concellarius: 111888 38181181811881818118 hhompt 8881 188 118118181- s
11831818 3881188, 188 1888 111 11183 118 18111811 181 88188818 8881 188
118818 Alter 8188181188 188888, 188811 118881 188 08188188, 188188818188
11811888 8188 Β811118811118 18181, 811 888 881818188883 188 08188-1818188188,
cortem 8881 8188818188 181388188 Neu· 181 Volmondee durch 188 388188
1111, durch 8111181 188 381188 Ζ8111 181 11188188.

Mathematicus: Wolen, uun 1818 an 188188 profession khommen, 181
seg 18188881, 1888 1888 181 81188 08188188 die 081888 388 811 1181 1188, 8111
181 1811188188, offt 1811 8811 183 881118818118, 1881888881 188 Herrn
0881888881111838188188 0888118811838881818188. , ’

1118 Vreach 181, weil 1118 1118888 die 081818 318181 holten, 818 wir 188
8818188811188 188 21118811, wie zu Zeitten 188 08881111 1118881, 88 88 doeh
hereger 1838 188 10. Μ8811]“ 3888111811. Zum 881888,11811188 188 888888
88818888 1181111138 1838 8118 Μο818811818 11811188183 18 888188181381, 1888-
181188 8881 die Poura, 1188 818 11888118381 8881381188, 11111183 181 nowen
118818181188, 1111118188 818 1881881888 181 81188 11881 zu 11888. 1811811881

11111εῲ118 vrsach 818 1818881188188 aequinoctii, 1888 18888218181188188
(im Π.

 

